F0 41 00 13 12 40 00 08 02 00 50 64 64 64 64 3C 00 64 32 3C 1E 3C 3C 32 32 3C 64 32 02 2C 0F 37 19 64 0E 32 0A 00 00 00 20 44 69 67 20 43 68 6F 72 75 73 20 20 20 20 20 00 59 F7

F0 41 00 13 12 40 40 00 0A 00 50 64 64 64 64 3C 00 64 32 21 1E 3C 3C 32 32 3C 64 32 03 10 19 1A 0F 64 41 1B 14 00 00 00 20 44 72 79 20 52 68 79 74 68 6D 20 20 20 20 20 00 23 F7

F0 41 00 13 12 41 00 00 06 00 50 64 64 64 64 37 64 00 32 37 1E 3C 3C 32 32 3C 64 32 03 10 19 1A 0F 64 41 1B 0A 00 00 00 20 44 72 79 20 52 68 79 74 68 6D 20 32 20 20 20 00 4D F7

F0 41 00 13 12 41 40 04 0A 00 50 64 64 64 64 3C 00 64 32 37 1E 3C 3C 32 32 3C 64 32 03 10 19 1A 0F 64 41 1B 14 00 00 00 20 4C 65 61 64 20 31 20 20 20 20 20 20 20 20 20 00 0C F7

F0 41 00 13 12 42 00 04 06 00 50 64 64 64 64 37 64 00 32 37 1E 3C 3C 32 32 3C 64 32 03 10 19 1A 0F 64 41 1B 0A 00 00 00 20 4C 65 61 64 20 32 20 20 20 20 20 20 20 20 20 00 5D F7

F0 41 00 13 12 42 40 04 0B 00 64 64 64 64 64 3C 00 64 32 37 1E 3C 3C 32 32 3C 64 32 03 10 19 1A 0F 64 41 1B 14 02 00 00 20 4C 65 61 64 20 31 20 26 20 57 61 20 57 61 20 00 7E F7

F0 41 00 13 12 43 00 04 07 00 64 64 64 64 64 37 64 00 32 37 1E 3C 3C 32 32 3C 64 32 03 10 19 1A 0F 64 41 1B 0A 02 00 00 20 4C 65 61 64 20 32 20 26 20 57 61 20 57 61 20 00 4F F7

F0 41 00 13 12 43 40 04 0A 00 50 64 64 64 64 3C 00 64 37 37 1E 3C 3C 32 32 3C 64 32 03 10 19 1A 0F 64 41 1B 28 00 00 00 20 4C 65 61 64 20 31 20 20 20 20 20 20 20 20 20 00 71 F7

F0 41 00 13 12 44 00 08 00 00 50 64 64 64 64 3C 00 64 32 3C 1E 3C 3C 32 32 3C 64 32 02 2C 0F 00 21 64 00 42 64 00 00 00 20 44 69 67 20 43 68 6F 72 75 73 20 20 20 20 20 00 2A F7

F0 41 00 13 12 44 40 00 04 00 50 64 64 64 64 3C 64 64 32 21 1E 3C 3C 32 32 3C 64 32 03 10 19 1A 0F 64 41 1B 14 00 00 00 20 44 72 79 20 52 68 79 74 68 6D 20 20 20 20 20 00 41 F7

F0 41 00 13 12 45 00 00 06 00 50 64 64 64 64 37 64 00 32 37 1E 3C 3C 32 32 3C 64 32 03 10 19 1A 0F 64 41 1B 17 00 00 00 20 44 72 79 20 52 68 79 74 68 6D 20 32 20 20 20 00 3C F7

F0 41 00 13 12 45 40 02 0E 00 50 64 64 64 32 23 22 00 42 50 1E 3C 3C 2A 52 5B 3E 32 03 10 19 1A 0F 64 41 1B 1E 00 00 00 20 4C 65 61 64 20 4B 41 20 20 20 20 20 20 20 20 00 14 F7

F0 41 00 13 12 46 00 04 06 00 50 64 64 64 64 37 64 00 32 37 1E 3C 3C 32 32 3C 64 32 03 10 19 1A 0F 64 41 1B 0A 00 00 00 20 4C 65 61 64 20 32 20 20 20 20 20 20 20 20 20 00 59 F7

F0 41 00 13 12 46 40 04 0B 00 64 64 64 64 64 3C 00 64 32 37 1E 3C 3C 32 32 3C 64 32 03 10 19 1A 0F 64 41 1B 14 02 00 00 20 4C 65 61 64 20 31 20 26 20 57 61 20 57 61 20 00 7A F7

F0 41 00 13 12 47 00 04 07 00 64 64 64 64 64 37 64 00 32 37 1E 3C 3C 32 32 3C 64 32 03 10 19 1A 0F 64 41 1B 0A 02 00 00 20 4C 65 61 64 20 32 20 26 20 57 61 20 57 61 20 00 4B F7

F0 41 00 13 12 47 40 04 0A 00 50 64 64 64 64 3C 00 64 37 37 1E 3C 3C 32 32 3C 64 32 03 10 19 1A 0F 64 41 1B 28 00 00 00 20 4C 65 61 64 20 31 20 20 20 20 20 20 20 20 20 00 6D F7

F0 41 00 13 12 48 00 00 08 00 50 64 64 64 14 3C 00 64 28 0A 1E 3C 3C 32 32 3C 64 32 02 2C 0F 1A 0F 64 41 1B 37 1B 00 00 20 52 69 67 68 74 20 48 65 72 65 2C 4E 6F 77 20 00 48 F7

F0 41 00 13 12 48 40 00 08 46 23 32 64 64 14 46 3C 00 5A 14 1E 3C 3C 2C 46 43 28 32 02 2C 0A 1A 0F 64 41 1B 32 1B 00 00 42 6C 61 63 6B 20 6F 72 20 57 68 69 74 65 20 20 00 37 F7

F0 41 00 13 12 49 00 04 0A 46 23 32 64 64 00 3C 00 64 41 32 1E 3C 3C 2C 46 43 28 32 03 10 00 1A 0F 64 41 1B 28 00 00 00 52 68 79 74 68 6D 20 20 32 2C 34 2C 37 20 20 20 00 59 F7

F0 41 00 13 12 49 40 06 0A 46 23 32 64 64 00 3C 00 64 41 41 1E 3C 3C 32 32 3C 64 32 02 5E 14 1A 0F 64 41 1B 64 00 00 00 20 4C 65 61 64 20 32 2C 34 2C 37 20 20 20 20 20 00 0A F7

F0 41 00 13 12 4A 00 04 0A 46 23 32 64 64 00 3C 00 64 46 41 1E 3C 3C 2C 46 43 28 32 03 10 37 1A 0F 64 41 1B 64 00 00 00 20 4C 65 61 64 20 32 2C 34 2C 37 20 20 20 20 20 00 17 F7

F0 41 00 13 12 4A 40 06 0B 00 50 64 64 64 00 3C 00 64 46 41 1E 3C 3C 32 32 3C 64 32 02 2C 0F 1A 0F 64 41 1B 64 02 00 00 20 4C 65 61 64 20 31 2C 32 2C 34 2C 37 20 20 20 00 02 F7

F0 41 00 13 12 4B 00 04 0A 46 23 32 64 64 00 3C 00 64 3C 37 1E 3C 3C 00 32 64 64 64 03 74 46 1A 0F 64 41 1B 64 00 00 00 20 20 20 20 20 49 6E 74 72 6F 20 20 20 20 20 20 00 47 F7

F0 41 00 13 12 4B 40 0C 08 46 23 32 64 64 64 3C 4B 64 3C 41 1E 3C 3C 2C 46 43 28 37 03 10 32 0A 32 64 64 64 64 00 00 00 20 20 20 20 4D 6F 6E 73 74 65 72 73 20 20 20 20 00 1C F7

F0 41 00 13 12 4C 00 08 02 00 50 64 64 64 64 3C 00 64 32 3C 1E 3C 3C 32 32 3C 64 32 02 2C 0F 00 21 64 00 42 2D 00 00 00 20 44 69 67 20 43 68 6F 72 75 73 20 20 20 20 20 00 57 F7

F0 41 00 13 12 4C 40 00 08 00 50 64 64 64 64 3C 00 64 32 3C 1E 3C 3C 32 32 3C 64 32 03 10 19 1A 0F 64 41 1B 41 00 00 00 20 44 72 79 20 52 68 79 74 68 6D 20 20 20 20 20 00 51 F7

F0 41 00 13 12 4D 00 00 04 00 50 64 64 64 00 32 4B 64 32 37 1E 3C 3C 32 32 3C 64 32 03 10 19 1A 0F 64 41 1B 32 00 00 00 20 44 72 79 20 52 68 79 74 68 6D 20 32 20 20 20 00 39 F7

F0 41 00 13 12 4D 40 04 0A 00 50 64 64 64 32 3C 00 64 32 37 1E 3C 3C 32 32 3C 64 32 03 10 19 1A 0F 64 41 1B 37 00 00 00 20 4C 65 61 64 20 31 20 20 20 20 20 20 20 20 20 00 0F F7

F0 41 00 13 12 4E 00 04 06 00 50 64 64 64 64 37 64 00 32 37 1E 3C 3C 32 32 3C 64 32 03 10 19 1A 0F 64 41 1B 0A 00 00 00 20 4C 65 61 64 20 32 20 20 20 20 20 20 20 20 20 00 51 F7

F0 41 00 13 12 4E 40 04 0B 00 64 64 64 64 64 3C 00 64 32 37 1E 3C 3C 32 32 3C 64 32 03 10 19 1A 0F 64 41 1B 14 02 00 00 20 4C 65 61 64 20 31 20 26 20 57 61 20 57 61 20 00 72 F7

F0 41 00 13 12 4F 00 04 07 00 64 64 64 64 64 37 64 00 32 37 1E 3C 3C 32 32 3C 64 32 03 10 19 1A 0F 64 41 1B 0A 02 00 00 20 4C 65 61 64 20 32 20 26 20 57 61 20 57 61 20 00 43 F7

F0 41 00 13 12 4F 40 04 0A 00 50 64 64 64 64 3C 00 64 37 37 1E 3C 3C 32 32 3C 64 32 03 10 19 1A 0F 64 41 1B 28 00 00 00 20 4C 65 61 64 20 31 20 20 20 20 20 20 20 20 20 00 65 F7

F0 41 00 13 12 50 00 0A 00 39 1F 2B 64 0F 21 64 5A 00 32 46 1E 3C 3C 50 32 5A 46 41 01 78 2C 01 3C 64 00 00 64 00 00 00 20 45 51 20 43 68 6F 72 75 73 20 20 20 20 20 20 00 2C F7

F0 41 00 13 12 50 40 0A 08 39 1F 2B 64 0F 21 3C 64 64 37 1E 1E 3C 3C 50 32 5A 46 41 01 78 2C 01 3C 64 00 00 64 00 00 00 20 45 51 20 43 68 6F 72 75 73 20 20 20 20 20 20 00 41 F7

F0 41 00 13 12 51 00 0E 04 46 23 32 64 50 46 49 21 64 32 46 1E 3C 3C 35 3A 3D 41 31 01 6D 2C 02 2B 64 64 01 2D 00 00 00 48 65 61 76 79 20 42 61 63 6B 67 72 6F 75 6E 64 00 34 F7

F0 41 00 13 12 51 40 05 02 46 23 32 64 57 59 32 50 00 32 46 10 4B 64 32 32 32 64 34 03 17 3D 1E 28 64 32 00 1A 00 00 00 20 50 68 61 73 65 64 20 44 65 6C 61 79 20 20 20 00 21 F7

F0 41 00 13 12 52 00 0E 02 46 23 32 64 59 0E 32 50 00 32 46 1E 3C 3C 32 46 2F 46 27 01 69 2D 1D 1A 64 64 1C 3C 00 00 00 20 53 74 72 61 69 67 68 74 20 41 68 65 61 64 20 00 2D F7

F0 41 00 13 12 52 40 0E 0A 46 23 32 64 54 19 32 50 00 23 64 1E 3C 3C 36 46 46 41 42 03 39 00 17 1A 37 00 00 2D 00 00 00 20 4D 65 74 61 6C 20 44 65 6C 61 79 20 20 20 20 00 13 F7

F0 41 00 13 12 53 00 0E 06 46 23 32 64 49 06 48 61 64 32 46 1E 3C 3C 30 46 41 41 4E 00 38 3D 41 47 64 64 39 1B 00 00 00 20 54 75 62 75 6C 61 72 20 52 6F 63 6B 20 20 20 00 43 F7

F0 41 00 13 12 53 40 07 06 46 23 32 64 56 24 1B 4F 64 32 46 34 64 29 46 3A 35 64 4A 03 19 3C 1E 28 64 32 00 24 00 00 00 20 53 79 6E 63 65 64 20 52 65 73 2F 44 6C 79 20 00 5D F7

F0 41 00 13 12 54 00 00 06 64 44 64 00 00 64 38 50 64 32 46 1E 3C 3C 36 3C 3A 3C 41 03 11 35 1A 64 64 64 3E 32 00 00 00 54 65 73 74 69 6E 67 20 32 20 4C 65 61 64 20 20 00 0E F7

F0 41 00 13 12 54 40 00 06 64 44 64 00 00 64 38 50 64 32 46 1E 3C 3C 36 3C 3A 3C 41 03 11 35 1A 64 64 64 3E 32 00 00 00 54 65 73 74 69 6E 67 20 32 20 4C 65 61 64 20 20 00 4E F7

F0 41 00 13 12 55 00 00 04 46 23 32 64 64 19 46 50 64 32 46 1E 3C 3C 36 3C 3A 3C 41 03 11 35 1A 64 64 64 3E 32 00 00 00 54 65 73 74 69 6E 67 20 31 20 4C 65 61 64 20 20 00 76 F7

F0 41 00 13 12 55 40 00 04 46 23 32 64 64 19 46 50 64 32 46 1E 3C 3C 36 3C 3A 3C 41 03 11 35 1A 64 64 64 3E 32 00 00 00 54 65 73 74 69 6E 67 20 31 20 4C 65 61 64 20 20 00 36 F7

F0 41 00 13 12 56 00 0A 02 46 23 32 64 59 4B 32 50 00 32 46 1E 3C 3C 41 37 32 40 35 02 2C 35 1C 41 64 44 00 1C 00 00 00 52 68 79 74 68 6D 20 43 75 74 74 69 6E 67 20 32 00 7C F7

F0 41 00 13 12 56 40 0E 02 46 23 32 64 40 40 32 50 00 32 46 1E 3C 3C 46 2E 30 46 38 01 7A 33 17 34 64 23 21 2A 00 00 00 20 54 65 6B 6E 6F 20 47 75 69 74 61 72 20 20 20 00 51 F7

F0 41 00 13 12 57 00 0A 09 00 45 28 64 50 46 32 50 00 32 5A 1E 3C 3C 5A 46 64 64 35 02 2C 35 00 05 46 05 00 0F 00 00 00 20 48 45 41 56 59 20 4D 45 54 41 4C 20 33 20 20 00 69 F7

F0 41 00 13 12 57 40 0A 06 46 23 32 64 64 32 32 32 00 32 46 1E 3C 3C 50 64 50 64 35 02 2C 35 28 28 46 05 00 08 00 00 00 20 4C 65 61 64 20 47 75 69 74 61 72 20 34 20 20 00 79 F7

F0 41 00 13 12 58 00 06 0A 46 23 32 64 5C 1A 32 50 00 42 5A 1E 3C 3C 3B 2F 41 3C 48 00 28 24 1E 28 64 32 00 47 00 00 00 20 48 45 41 56 59 20 4D 45 54 41 4C 20 32 20 20 00 0F F7

F0 41 00 13 12 58 40 0E 07 51 45 44 00 43 2D 22 43 64 32 46 1E 3C 3C 2F 42 40 41 3E 02 71 35 26 24 5A 64 37 2D 00 00 00 20 20 4F 6F 77 77 77 20 4C 65 61 64 20 20 20 20 00 75 F7

F0 41 00 13 12 59 00 06 08 46 23 32 64 50 46 32 50 00 64 1E 1E 3C 3C 32 41 32 64 23 02 5E 3C 1E 28 64 32 00 28 00 00 00 20 4C 65 61 64 20 47 75 69 74 61 72 20 35 20 20 00 67 F7

F0 41 00 13 12 59 40 00 01 64 23 45 64 50 46 32 50 00 32 46 1E 3C 3C 32 32 32 64 35 02 2C 35 1E 28 64 32 00 46 00 00 00 20 44 79 6E 61 6D 69 63 20 46 69 6C 74 65 72 20 00 51 F7

F0 41 00 13 12 5A 00 00 02 46 23 32 64 64 47 32 50 00 32 46 1E 3C 3C 32 32 32 64 35 02 2C 35 1E 28 64 32 00 2C 00 00 00 20 20 43 6F 6D 70 72 65 73 73 6F 72 20 20 20 20 00 63 F7

F0 41 00 13 12 5A 40 00 04 46 23 32 64 50 46 42 5C 64 32 46 1E 3C 3C 32 32 32 64 35 02 2C 35 1E 28 64 32 00 1E 00 00 00 54 75 72 62 6F 20 4F 76 65 72 20 44 72 69 76 65 00 4F F7

F0 41 00 13 12 5B 00 00 08 46 23 32 64 50 46 32 50 00 35 5F 1E 3C 3C 32 32 32 64 35 02 2C 35 1E 28 64 32 00 30 00 00 00 20 20 44 69 73 74 6F 72 74 69 6F 6E 20 20 20 20 00 4F F7

F0 41 00 13 12 5B 40 01 00 46 23 32 64 50 46 32 50 00 32 46 28 3C 64 32 32 32 64 35 02 2C 35 1E 28 64 32 00 46 00 00 00 20 20 20 20 50 68 61 73 65 72 20 20 20 20 20 20 00 36 F7

F0 41 00 13 12 5C 00 02 00 46 23 32 64 50 46 3A 5F 64 32 46 1E 3C 3C 00 64 64 46 35 02 34 37 1E 28 64 32 00 1A 1B 00 00 20 4C 65 61 64 20 47 75 69 74 61 72 20 31 20 20 00 0E F7

F0 41 00 13 12 5C 40 06 04 46 23 32 64 50 46 2A 00 64 32 46 1E 3C 3C 3D 39 53 46 35 02 34 37 1E 28 64 32 00 1A 1B 00 00 20 4C 65 61 64 20 47 75 69 74 61 72 20 31 20 20 00 34 F7

F0 41 00 13 12 5D 00 04 00 46 23 32 64 50 46 32 50 00 32 46 1E 3C 3C 32 32 32 64 52 06 2F 32 1E 28 64 32 00 46 00 00 00 20 20 4C 6F 6E 67 20 44 65 6C 61 79 20 20 20 20 00 46 F7

F0 41 00 13 12 5D 40 04 00 46 23 32 64 50 46 32 50 00 32 46 1E 3C 3C 32 32 32 64 3B 02 2C 2A 1E 28 64 32 00 46 00 00 00 20 53 6C 61 70 62 61 63 6B 20 45 63 68 6F 20 20 00 6B F7

F0 41 00 13 12 5E 00 08 00 46 23 32 64 50 46 32 50 00 32 46 1E 3C 3C 32 32 32 64 35 02 2C 35 26 3A 64 23 00 41 00 00 00 20 44 69 67 69 74 61 6C 20 43 68 6F 72 75 73 20 00 29 F7

F0 41 00 13 12 5E 40 08 08 46 23 32 64 50 46 32 50 00 23 1E 1E 3C 3C 32 32 32 64 35 02 2C 35 0E 07 38 02 50 41 1B 00 00 20 20 20 46 6C 61 6E 67 65 20 20 20 20 20 20 20 00 4A F7

F0 41 00 13 12 5F 00 04 08 46 23 32 64 50 46 32 50 00 29 1E 1E 3C 3C 32 32 32 64 35 02 2C 35 1E 28 64 32 00 46 1B 00 00 20 20 20 42 59 50 41 53 53 20 20 20 20 20 20 20 00 40 F7

F0 41 00 13 12 5F 40 00 00 46 23 32 64 50 46 32 50 00 32 46 1E 3C 3C 32 32 32 64 35 02 2C 35 1E 28 64 32 00 46 00 00 00 20 20 20 42 59 50 41 53 53 20 20 20 20 20 20 20 00 76 F7

F0 41 00 13 12 60 00 00 01 64 23 45 64 50 46 32 50 00 32 46 1E 3C 3C 32 32 32 64 35 02 2C 35 1E 28 64 32 00 46 00 00 00 20 44 79 6E 61 6D 69 63 20 46 69 6C 74 65 72 20 00 0A F7

F0 41 00 13 12 60 40 00 02 46 23 32 64 64 47 32 50 00 32 46 1E 3C 3C 32 32 32 64 35 02 2C 35 1E 28 64 32 00 2C 00 00 00 20 20 43 6F 6D 70 72 65 73 73 6F 72 20 20 20 20 00 1D F7

F0 41 00 13 12 61 00 00 04 46 23 32 64 50 46 42 5C 64 32 46 1E 3C 3C 32 32 32 64 35 02 2C 35 1E 28 64 32 00 1E 00 00 00 54 75 72 62 6F 20 4F 76 65 72 20 44 72 69 76 65 00 08 F7

F0 41 00 13 12 61 40 00 08 46 23 32 64 50 46 32 50 00 32 5A 1E 3C 3C 32 55 50 46 35 02 2C 35 1E 28 64 32 00 30 00 00 00 20 20 44 69 73 74 6F 72 74 69 6F 6E 20 20 20 20 00 6E F7

F0 41 00 13 12 62 00 01 00 46 23 32 64 50 46 32 50 00 32 46 28 3C 64 32 32 32 64 35 02 2C 35 1E 28 64 32 00 46 00 00 00 20 20 20 20 50 68 61 73 65 72 20 20 20 20 20 20 00 6F F7

F0 41 00 13 12 62 40 04 00 46 23 32 64 50 46 32 50 00 32 46 1E 3C 3C 32 32 32 64 44 00 7D 31 1E 28 64 32 00 4B 00 00 00 20 20 53 68 6F 72 74 20 44 65 6C 61 79 20 20 20 00 63 F7

F0 41 00 13 12 63 00 04 00 46 23 32 64 50 46 32 50 00 32 46 1E 3C 3C 32 32 32 64 64 00 28 37 1E 28 64 32 00 46 00 00 00 20 54 69 67 68 74 20 44 6F 75 62 6C 65 20 20 20 00 1A F7

F0 41 00 13 12 63 40 04 00 46 23 32 64 50 46 32 50 00 32 46 1E 3C 3C 32 32 32 64 52 06 2F 32 1E 28 64 32 00 46 00 00 00 20 20 4C 6F 6E 67 20 44 65 6C 61 79 20 20 20 20 00 00 F7

F0 41 00 13 12 64 00 04 00 46 23 32 64 50 46 32 50 00 32 46 1E 3C 3C 32 32 32 64 3B 02 2C 2A 1E 28 64 32 00 46 00 00 00 20 53 6C 61 70 62 61 63 6B 20 45 63 68 6F 20 20 00 24 F7

F0 41 00 13 12 64 40 08 00 46 23 32 64 50 46 32 50 00 32 46 1E 3C 3C 32 32 32 64 35 02 2C 35 26 3A 64 23 00 41 00 00 00 20 44 69 67 69 74 61 6C 20 43 68 6F 72 75 73 20 00 63 F7

F0 41 00 13 12 65 00 08 00 46 23 32 64 50 46 32 50 00 32 46 1E 3C 3C 32 32 32 64 35 02 2C 35 4E 64 64 23 00 41 00 00 00 20 20 56 69 62 72 61 74 6F 20 20 20 20 20 20 20 00 6B F7

F0 41 00 13 12 65 40 08 00 46 23 32 64 50 46 32 50 00 32 46 1E 3C 3C 32 32 32 64 35 02 2C 35 0E 07 64 02 50 3C 00 00 00 20 20 20 46 6C 61 6E 67 65 20 20 20 20 20 20 20 00 08 F7

F0 41 00 13 12 66 00 06 03 00 5F 64 3F 64 1D 32 50 00 32 46 1E 3C 3C 46 3E 32 64 31 02 01 34 1E 28 64 32 00 3B 02 00 00 20 57 61 68 20 50 65 64 61 6C 20 20 3C 45 56 35 00 51 F7

F0 41 00 13 12 66 40 07 02 46 23 32 64 64 26 32 50 00 32 46 46 34 50 46 38 30 64 2D 02 3B 2A 1E 28 64 32 00 2E 0C 00 00 50 68 61 73 65 72 20 52 61 74 65 20 3C 45 56 35 00 0D F7

F0 41 00 13 12 67 00 06 02 46 23 32 64 23 34 32 50 00 32 46 1E 3C 3C 3C 36 38 57 2D 02 2D 2A 1E 28 64 32 00 33 12 00 00 20 45 2E 51 2E 53 77 65 6C 6C 20 20 3C 45 56 35 00 1E F7

F0 41 00 13 12 67 40 0E 02 46 23 32 64 64 14 32 50 00 32 46 1E 3C 3C 36 44 38 46 34 02 0B 34 1C 1D 64 37 39 34 1B 00 00 56 6F 6C 75 6D 65 20 50 65 64 61 6C 3C 45 56 35 00 6F F7

F0 41 00 13 12 68 00 06 0A 46 23 32 64 3D 0F 32 50 00 35 55 1E 3C 3C 39 42 43 43 40 02 01 34 1E 28 64 32 00 28 0B 00 00 20 44 69 73 74 2E 50 65 64 61 6C 20 3C 45 56 35 00 20 F7

F0 41 00 13 12 68 40 0E 02 46 23 32 64 33 2B 32 50 00 32 46 1E 3C 3C 3C 36 3E 56 64 02 0B 38 20 31 64 56 3B 28 14 00 00 20 44 65 6C 61 79 20 54 69 6D 65 20 3C 45 56 35 00 40 F7

F0 41 00 13 12 69 00 06 06 46 23 32 64 4A 2D 58 51 00 32 46 1E 3C 3C 39 3B 38 56 64 02 0B 55 1E 28 64 32 00 12 15 00 00 46 2E 62 61 63 6B 20 4C 65 76 65 6C 3C 45 56 35 00 6A F7

F0 41 00 13 12 69 40 0F 02 46 23 32 64 64 50 32 50 00 32 46 14 64 64 32 3C 2D 64 3C 03 10 37 3C 46 64 0A 00 1E 12 00 00 46 61 6E 74 61 73 79 20 20 20 20 20 3C 45 56 35 00 16 F7

F0 41 00 13 12 6A 00 06 04 46 23 32 64 50 46 3A 5F 64 32 46 1E 3C 3C 3D 39 53 46 35 02 34 37 1E 28 64 32 00 1A 00 00 00 20 4C 65 61 64 20 47 75 69 74 61 72 20 31 20 20 00 12 F7

F0 41 00 13 12 6A 40 0E 06 46 23 32 64 57 24 35 3D 4E 32 46 1E 3C 3C 47 3F 46 3C 34 02 14 35 07 26 64 4E 00 32 00 00 00 20 4C 65 61 64 20 47 75 69 74 61 72 20 32 20 20 00 2E F7

F0 41 00 13 12 6B 00 06 09 00 41 30 64 50 46 32 50 00 32 5A 1E 3C 3C 3A 3B 42 47 36 02 19 35 1E 28 64 32 00 3C 00 00 00 20 4C 65 61 64 20 47 75 69 74 61 72 20 33 20 20 00 26 F7

F0 41 00 13 12 6B 40 0A 06 46 23 32 64 64 32 32 32 00 32 46 1E 3C 3C 50 64 50 64 35 02 2C 35 28 28 46 05 00 08 00 00 00 20 4C 65 61 64 20 47 75 69 74 61 72 20 34 20 20 00 65 F7

F0 41 00 13 12 6C 00 06 08 46 23 32 64 50 46 32 50 00 64 1E 1E 3C 3C 32 41 32 64 23 02 5E 3C 1E 28 64 32 00 28 00 00 00 20 4C 65 61 64 20 47 75 69 74 61 72 20 35 20 20 00 54 F7

F0 41 00 13 12 6C 40 0E 02 46 23 32 64 4F 4E 32 50 00 32 46 1E 3C 3C 3D 2B 39 46 3B 02 1C 34 1A 25 5C 23 1F 21 00 00 00 20 4D 65 6C 6C 6F 77 20 4C 65 61 64 20 20 20 20 00 00 F7

F0 41 00 13 12 6D 00 0E 08 46 23 32 64 50 46 32 50 00 32 59 1E 3C 3C 41 35 3A 46 37 02 33 35 08 0C 64 02 3C 28 00 00 00 20 48 45 41 56 59 20 4D 45 54 41 4C 20 31 20 20 00 0F F7

F0 41 00 13 12 6D 40 06 0A 46 23 32 64 5C 1A 32 50 00 42 5A 1E 3C 3C 3B 2F 41 3C 48 00 28 24 1E 28 64 32 00 47 00 00 00 20 48 45 41 56 59 20 4D 45 54 41 4C 20 32 20 20 00 3A F7

F0 41 00 13 12 6E 00 0A 09 00 45 28 64 50 46 32 50 00 32 5A 1E 3C 3C 5A 46 64 64 35 02 2C 35 00 05 46 05 00 0F 00 00 00 20 48 45 41 56 59 20 4D 45 54 41 4C 20 33 20 20 00 52 F7

F0 41 00 13 12 6E 40 03 02 46 23 32 64 53 54 32 50 00 32 46 14 50 5A 41 2D 32 41 35 02 2C 35 1E 28 64 32 00 1C 00 00 00 52 68 79 74 68 6D 20 43 75 74 74 69 6E 67 20 31 00 33 F7

F0 41 00 13 12 6F 00 0A 02 46 23 32 64 59 4B 32 50 00 32 46 1E 3C 3C 41 37 32 40 35 02 2C 35 1C 41 64 44 00 1C 00 00 00 52 68 79 74 68 6D 20 43 75 74 74 69 6E 67 20 32 00 63 F7

F0 41 00 13 12 6F 40 0E 0A 46 23 32 64 47 14 32 50 00 35 55 1E 3C 3C 31 46 43 46 3B 02 2C 36 17 11 64 58 1B 23 00 00 00 20 20 20 52 6F 63 6B 20 4F 75 74 21 20 20 20 20 00 14 F7

F0 41 00 13 12 70 00 0E 02 46 23 32 64 64 64 32 50 00 32 46 1E 3C 3C 46 3C 2F 49 4A 01 7B 39 34 28 4B 64 3E 13 00 00 00 20 20 54 75 6E 65 20 55 70 3F 20 20 20 20 20 20 00 14 F7

F0 41 00 13 12 70 40 06 06 46 23 32 64 64 1F 64 00 00 32 46 1E 3C 3C 46 36 30 4B 3A 01 16 2C 1E 28 64 32 00 18 00 00 00 20 53 6F 75 74 68 65 72 6E 20 52 6F 63 6B 20 20 00 01 F7

F0 41 00 13 12 71 00 06 07 39 1F 2B 64 0F 21 64 5A 00 32 46 1E 3C 3C 46 36 30 46 41 01 78 2C 1E 28 64 32 00 16 00 00 00 20 22 57 61 68 2D 65 64 22 4C 65 61 64 20 20 20 00 05 F7

F0 41 00 13 12 71 40 0E 06 46 23 32 64 50 36 3F 20 64 32 46 1E 3C 3C 3C 3A 46 41 37 00 00 33 21 2D 64 64 3C 18 00 00 00 20 43 68 6F 72 75 73 20 4F 76 65 72 74 6F 6E 65 00 0E F7

F0 41 00 13 12 72 00 0E 02 46 23 32 64 28 38 32 50 00 32 46 1E 3C 3C 44 32 32 64 40 00 5A 39 3D 49 64 3D 00 3F 00 00 00 20 20 36 30 27 73 20 54 72 65 6D 6F 6C 6F 20 20 00 48 F7

F0 41 00 13 12 72 40 0E 0A 46 23 32 64 28 15 32 50 00 26 41 1E 3C 3C 39 3D 31 64 40 00 5A 39 3D 49 64 3D 00 21 00 00 00 20 20 36 30 27 73 20 4D 65 74 61 6C 20 20 20 20 00 02 F7

F0 41 00 13 12 73 00 0E 06 46 23 32 64 40 21 64 33 20 32 46 1E 3C 3C 46 36 38 46 34 01 61 33 18 1D 44 55 1C 17 00 00 00 20 54 75 62 65 20 4F 76 65 72 64 72 69 76 65 20 00 6A F7

F0 41 00 13 12 73 40 0E 06 46 23 32 64 2F 1E 42 56 64 32 46 1E 3C 3C 31 3C 46 50 38 03 41 33 1D 1A 64 64 19 16 00 00 00 20 20 20 20 42 6C 61 73 74 65 72 21 20 20 20 20 00 15 F7

F0 41 00 13 12 74 00 0E 02 46 23 32 64 40 40 32 50 00 32 46 1E 3C 3C 46 2E 30 46 38 01 7A 33 17 34 64 23 21 2A 00 00 00 20 54 65 6B 6E 6F 20 47 75 69 74 61 72 20 20 20 00 73 F7

F0 41 00 13 12 74 40 0E 02 46 23 32 64 41 4E 32 50 00 32 46 1E 3C 3C 38 3D 2C 46 2F 02 3C 33 1F 3D 64 4A 00 2C 00 00 00 20 43 68 6F 72 75 73 20 53 74 72 61 74 20 20 20 00 3F F7

F0 41 00 13 12 75 00 07 02 46 23 32 64 64 1B 32 50 00 32 46 26 34 40 46 46 2E 46 31 01 48 33 1E 28 64 32 00 36 00 00 00 20 20 50 61 73 73 69 6E 67 20 50 68 61 73 65 20 00 6B F7

F0 41 00 13 12 75 40 06 03 5D 29 2C 64 64 1E 32 50 00 32 46 1E 3C 3C 46 3F 32 46 31 01 2F 32 1E 28 64 32 00 36 00 00 00 20 20 20 20 46 75 6E 6B 79 21 20 20 20 20 20 20 00 0A F7

F0 41 00 13 12 76 00 0F 02 46 23 32 64 64 3E 32 50 00 32 46 26 32 3E 46 3A 32 46 31 01 7A 33 1D 1A 64 13 35 36 00 00 00 20 20 50 68 61 73 6F 72 75 73 2A 20 20 20 20 20 00 79 F7

F0 41 00 13 12 76 40 0E 06 46 23 32 64 59 0D 61 09 00 32 46 1E 3C 3C 46 44 3B 41 2E 01 69 2D 1D 1A 44 13 1C 19 00 00 00 20 53 6C 69 67 68 74 6C 79 20 44 69 72 74 79 20 00 0F F7

F0 41 00 13 12 77 00 0E 02 46 23 32 64 59 0E 32 50 00 32 46 1E 3C 3C 32 46 2F 46 27 01 69 2D 1D 1A 64 64 1C 3C 00 00 00 20 53 74 72 61 69 67 68 74 20 41 68 65 61 64 20 00 08 F7

F0 41 00 13 12 77 40 0E 04 46 23 32 64 50 46 49 21 64 32 46 1E 3C 3C 35 3A 3D 41 31 01 6D 2C 02 2B 64 64 01 2D 00 00 00 48 65 61 76 79 20 42 61 63 6B 67 72 6F 75 6E 64 00 4E F7

F0 41 00 13 12 78 00 0E 07 51 45 44 00 43 2D 22 43 64 32 46 1E 3C 3C 2F 42 40 41 3E 02 71 35 26 24 5A 64 37 2D 00 00 00 20 20 4F 6F 77 77 77 20 4C 65 61 64 20 20 20 20 00 15 F7

F0 41 00 13 12 78 40 0E 02 46 23 32 64 00 20 32 50 00 32 46 1E 3C 3C 3A 46 2A 41 3E 00 46 25 1E 00 64 49 41 32 00 00 00 20 56 6F 63 6F 64 65 72 20 47 75 69 74 61 72 20 00 19 F7

F0 41 00 13 12 79 00 0F 03 5E 13 4D 00 58 44 32 50 00 32 46 64 59 00 38 40 32 64 39 00 7D 2B 29 55 64 48 37 64 00 00 00 20 55 6E 64 65 72 77 61 74 65 72 20 3F 20 20 20 00 30 F7

F0 41 00 13 12 79 40 0E 06 46 23 32 64 64 19 5D 64 00 32 46 1E 3C 3C 36 3C 3A 3C 41 03 11 35 1A 64 64 64 3E 28 00 00 00 4D 6F 64 75 6C 61 74 65 64 20 4C 65 61 64 20 20 00 55 F7

F0 41 00 13 12 7A 00 05 02 46 23 32 64 57 59 32 50 00 32 46 10 4B 64 32 32 32 64 34 03 17 3D 1E 28 64 32 00 1A 00 00 00 20 50 68 61 73 65 64 20 44 65 6C 61 79 20 20 20 00 38 F7

F0 41 00 13 12 7A 40 0E 02 46 23 32 64 56 43 32 50 00 32 46 1E 3C 3C 2C 38 33 64 52 00 28 38 28 38 64 64 00 23 00 00 00 20 44 6F 75 62 6C 65 64 20 53 74 72 61 74 20 20 00 49 F7

F0 41 00 13 12 7B 00 0E 0A 46 23 32 64 54 19 32 50 00 23 64 1E 3C 3C 36 46 46 41 42 03 39 00 17 1A 37 00 00 2D 00 00 00 20 4D 65 74 61 6C 20 44 65 6C 61 79 20 20 20 20 00 2A F7

F0 41 00 13 12 7B 40 06 0C 46 23 32 64 50 46 36 64 64 64 00 1E 3C 3C 38 32 33 64 44 00 79 1F 1E 28 64 32 00 20 00 00 00 20 36 30 27 73 20 46 75 7A 7A 20 54 6F 6E 65 20 00 08 F7

F0 41 00 13 12 7C 00 0E 04 46 23 32 64 50 46 2C 64 64 32 46 1E 3C 3C 32 32 30 41 2F 02 3E 2E 02 2B 64 64 01 28 00 00 00 20 20 46 75 7A 7A 79 20 48 65 61 72 74 20 20 20 00 6F F7

F0 41 00 13 12 7C 40 04 03 52 41 45 02 00 19 32 50 00 32 46 1E 3C 3C 32 32 32 64 49 02 3B 1C 1E 28 64 32 00 4E 00 00 00 20 20 46 69 6C 74 65 72 20 52 65 70 65 61 74 20 00 2D F7

F0 41 00 13 12 7D 00 0C 03 64 45 47 64 56 3E 32 50 00 32 46 1E 3C 3C 32 32 32 64 32 01 6E 2F 1F 31 64 00 29 2F 00 00 00 20 20 43 68 6F 72 75 73 65 64 20 57 61 68 20 20 00 29 F7

F0 41 00 13 12 7D 40 07 06 46 23 32 64 56 24 1B 4F 64 32 46 34 64 29 46 3A 35 64 4A 03 19 3C 1E 28 64 32 00 24 00 00 00 20 53 79 6E 63 65 64 20 52 65 73 2F 44 6C 79 20 00 33 F7

F0 41 00 13 12 7E 00 0E 06 46 23 32 64 49 06 48 61 64 32 46 1E 3C 3C 30 46 41 3C 4E 00 38 3D 41 47 64 64 39 1B 00 00 00 20 54 75 62 75 6C 61 72 20 52 6F 63 6B 20 20 20 00 1D F7

F0 41 00 13 12 7E 40 06 02 46 23 32 64 00 0D 32 50 00 32 46 1E 3C 3C 46 36 25 64 2B 01 4E 30 1E 28 64 32 00 46 00 00 00 20 43 6F 75 6E 74 72 79 20 50 69 63 6B 69 6E 20 00 1B F7

F0 41 00 13 12 7F 00 00 01 00 00 00 00 50 46 32 50 00 32 46 1E 3C 3C 32 32 32 64 35 02 2C 35 1E 28 64 32 00 4C 00 00 00 20 4A 61 7A 7A 20 53 74 61 6E 64 61 72 64 20 20 00 50 F7

F0 41 00 13 12 7F 40 00 00 46 23 32 64 50 46 32 50 00 32 46 1E 3C 3C 32 32 32 64 35 02 2C 35 1E 28 64 32 00 46 00 00 00 20 20 20 42 59 50 41 53 53 20 20 20 20 20 20 20 00 56 F7